50
5 5
5 50
5 500
5 5000
5 50000
5 500000
5 5000000
5 50000000
10 5
10 10
10 50
10 100
10 500
10 1000
10 5000
10 10000
10 50000
10 100000
10 500000
10 1000000
10 5000000
10 50000000
10 100000000
10 100000000
50 50
50 500
50 5000
50 50000
50 500000
50 5000000
50 50000000
100 5
100 50
100 100
100 500
100 1000
100 5000
100 10000
100 50000
100 100000
100 500000
100 1000000
100 5000000
100 50000000
100 100000000
100 100000000
500 500
500 5000
500 50000
500 500000
500 5000000
500 50000000
1000 5
1000 50
1000 500
1000 1000
1000 5000
1000 10000
1000 50000
1000 100000
1000 500000
1000 1000000
1000 5000000
1000 50000000
1000 100000000
1000 100000000
5000 5000
5000 50000
5000 500000
5000 5000000
5000 50000000
10000 5
10000 50
10000 500
10000 5000
10000 10000
10000 50000
10000 100000
10000 500000
10000 1000000
10000 5000000
10000 50000000
10000 100000000
10000 100000000
50000 50000
50000 500000
50000 5000000
50000 50000000
100000 5
100000 50
100000 500
100000 5000
100000 50000
100000 100000
100000 500000
100000 1000000
100000 5000000
100000 50000000
100000 100000000
100000 100000000
500000 500000
500000 5000000
500000 50000000
1000000 5
1000000 50
1000000 500
1000000 5000
1000000 50000
1000000 500000
1000000 1000000
1000000 5000000
1000000 50000000
1000000 100000000
1000000 100000000
5000000 5000000
5000000 50000000
100000000 5
100000000 5
100000000 50
100000000 50
100000000 500
100000000 500
100000000 5000
100000000 5000
100000000 50000
100000000 50000
100000000 500000
100000000 500000
100000000 5000000
100000000 5000000
100000000 50000000
100000000 50000000
100000000 100000000
100000000 100000000
100000000 100000000
